439667412
439854430
439921572
440145288
440537158
440640331
440905179
441066391
441230485
441491841
441703811
442237948
442329868
442930309
443043516
443114223
443197151
443246907
443283165
443316669
443341141
443363397
443385848
443405030
443424271
443442148
443458522
443475577
443493536
443510679
443530874
443557371
443597505
443718774
443816953
443884926
443954363
444032791
444141235
444187873
444267713
444342816
444398851
444453585
444495774
444534965
444578516
444610794
444643952
444678395
444705810
444735755
444768967
444803069
444851461
444907988
444952558
444997881
445049562
445099173
445165120
445280827
445843624
445952824
446072352
446236834
447080482
447228668
447297418
447354116
447402920
447441880
447480225
447523377
447560008
447594998
447634176
447668035
447703061
447741679
447777309
447814373
447856960
447896446
447939466
447985787
448032823
448085877
448146948
448349196
448422142
448492552
448549983
448623320
448777248
448854381
448919069
448976135
449014535
449050914
449087901
449115083
449141949
449171302
449195884
449218918
449245937
449268300
449290374
449315919
449339210
449362680
449388763
449414474
449444662
449480966
449521741
449580551
449672980
449897513
449972663
450117357
450192448
450258026
450340312
450576139
450665917
450727953
450778976
450827510
450873495
450907539
450938782
450968600
450994932
451019576
451046212
451068067
451092383
451119073
451141605
451166926
451194675
451221055
451252342
451287645
451326700
451376354
451578167
451622997
451663582
451708407
451765417
451936255
452049001
452094431
452130119
452168341
452203096
452239593
452289884
452392220
452448569
453080457
453155037
453788362
453899767
454069729
454346070
454570015
454637246
455284359
455693915
456364901
456512248
457475278
457948524
460174216
462734037
462787703
462815256
462831973
462847639
462860306
462870886
462882425
462892897
462902336
462912505
462921769
462930322
462939187
462947641
462955239
462963358
462970577
462977340
462984855
462991059
462996910
463003601
463008886
463014217
463020121
463025191
463029855
463035467
463040346
463044662
463049846
463054616
463058560
463063611
463068166
463072208
463076971
463081405
463085460
463089851
463094258
463098304
463102549
463106779
463110672
463114961
463119011
463122830
463126983
463130862
463134640
463138838
463142465
463146102
463150182
463153784
463157232
463161030
463164681
463167977
463171754
463175362
463178414
463182196
463185554
463188628
463192147
463195400
463198516
463202032
463205213
463208326
463211553
463214814
463217715
463220914
463224045
463226897
463230250
463233363
463236170
463239495
463242483
463245495
463248731
463251715
463254626
463257867
463260987
463263917
463267130
463270245
463273021
463276333
463279419
463282218
463285458
463288554
463291458
463294698
463297756
463300675
463303811
463306917
463309814
463313044
463316034
463318953
463322344
463325267
463328140
463331567
463334382
463337321
463340681
463343653
463346452
463349899
463352958
463355709
463359071
463362213
463364843
463368255
463371374
463374173
463377509
463380653
463383560
463386742
463389972
463392972
463396160
463399378
463402380
463405730
463408940
463412008
463415393
463418604
463421777
463425362
463428510
463431721
463435394
463438704
463441938
463445589
463449201
463452567
463456583
463460606
463464145
463468728
463473010
463477170
463482273
463487290
463492390
463498636
463504822
463511454
463519308
463530049
463561575
463576958
463589772
463601187
463612290
463624114
463634218
463644344
463654942
463663830
463673188
463683462
463691435
463700527
463709867
463717778
463726383
463735275
463743152
463751246
463760365
463768300
463776128
463785193
463793199
463801326
463810043
463817906
463826127
463834849
463842629
463850969
463859402
463867341
463875916
463884527
463892375
463900877
463910042
463917665
463926162
463935590
463942829
463951503
463960938
463968695
463977353
463987261
463995365
464003943
464013779
464022430
464030719
464040945
464049630
464058512
464068916
464077979
464087332
464097508
464106886
464117127
464127584
464137783
464148926
464161433
464173959
464188939
464207146
464229222
464291786
464322138
464347440
464369047
464387895
464407569
464425775
464442819
464460618
464478206
464494382
464512118
464528648
464544797
464563457
464579551
464595346
464614175
464629731
464645952
464664407
464680696
464696068
464715063
464731996
464747271
464765996
464783660
464798579
464818058
464835980
464852202
464871811
464890606
464908231
464927802
464948056
464967280
464988109
465009581
465030088
465053661
465077035
465100216
465127206
465154500
465182969
465217357
465250862
465289172
465341820
465407462
465641924
465737256
465816520
465875417
465928793
465984987
466031039
466074995
466119650
466158785
466198633
466239664
466275966
466314493
466352895
466388919
466427674
466466468
466501998
466540791
466583134
466619051
466659948
466706646
466743764
466790039
466843262
466890059
466946913
467021593
467096453
467214690
467488437
467709581
467881598
468087171
468304787
473129055
473490717
473667925
473788182
474144379
474366207
474480846
474613238
474686835
474913722
474974684
475010354
475042109
475063846
475084329
475106574
475125191
475144159
475164586
475184394
475207593
475233359
475261077
475303230
475397470
475474550
475560324
475682847
475762367
475821989
475868892
475901349
475936808
475973953
476013578
476067791
476155982
476418144
476573074
476756794
476866842
476975899
477057100
477114538
477173418
477222977
477274584
477335998
477395052
477478295
477574539
477642054
477680987
477705351
477725752
477747179
477779816
477822356
477868885
477993215
478808355
478913556
478975159
479017147
479062113
479107775
479143602
479181724
479219841
479251847
479284401
479321890
479354415
479386931
479426770
479463620
479504273
479550970
479592978
479636745
479680019
479717118
479754169
479790272
479823223
479857891
479892951
479924446
479958651
479997699
480031886
480075470
480138221
480289690
481190235
481331355
481411764
481465957
481512050
481545051
481576675
481610470
481639754
481667158
481701608
481730968
481762366
481800433
481835372
481871858
481910293
481944465
481979552
482013220
482044800
482077342
482110825
482140814
482173320
482207787
482238961
482275844
482318669
482359011
482408953
482463962
482515136
482570439
482622836
482671304
482720918
482775894
482836888
482977903
483387366
483457841
483540891
483629716
483725096
483858885
484163039
484241638
484301364
484599458
484870773
485264587
485402034
486058654
487881295
488254090
488483346
488609385
489057376
490717404
490754532
490773995
490788106
490802635
490815432
490826784
490838889
490849785
490859758
490869984
490879624
490888180
490897203
490905117
490912430
490920450
490926993
490933116
490940072
490945547
490951067
490957181
490962434
490967271
490973098
490978170
490982661
490988062
490993037
490997154
491002429
491007188
491011412
491016392
491021029
491025270
491029862
491034466
491038693
491043121
491047530
491051585
491056043
491060249
491064209
491068507
491072515
491076412
491080735
491084460
491088190
491092364
491096042
491099555
491103418
491107125
491110464
491114283
491117930
491121011
491124823
491128197
491131278
491134788
491138016
491141090
491144534
491147633
491150648
491153760
491156891
491159662
491162703
491165667
491168362
491171523
491174453
491177093
491180216
491183019
491185842
491188874
491191670
491194400
491197439
491200366
491203114
491206123
491209039
491211639
491214743
491217636
491220262
491223300
491226205
491228928
491231967
491234836
491237576
491240519
491243435
491246155
491249190
491251996
491254738
491257925
491260676
491263378
491266601
491269249
491272011
491275172
491277968
491280602
491283844
491286724
491289315
491292473
491295422
491297893
491301097
491304023
491306650
491309783
491312734
491315461
491318446
491321475
491324287
491327270
491330277
491333078
491336200
491339187
491342042
491345190
491348172
491351116
491354439
491357350
491360312
491363687
491366718
491369668
491372977
491376229
491379225
491382732
491386170
491389151
491392991
491396613
491400089
491404316
491408467
491412728
491418122
491424060
491431487
491479427
491497763
491514574
491531486
491545395
491559006
491573065
491584825
491597238
491610793
491621198
491632964
491644834
491654719
491665413
491676440
491686240
491696358
491707746
491717651
491727369
491738576
491748474
491758517
491769300
491779057
491789240
491800003
491809549
491819726
491829963
491839580
491849960
491860374
491869866
491880153
491891247
491900491
491910831
491922388
491931358
491942204
491954143
491964061
491975250
491988341
491999415
492011747
492027037
492042195
492059261
492087362
492223134
492263236
492289836
492314721
492341290
492363671
492384111
492408781
492430447
492449833
492473360
492495336
492513885
492538071
492560220
492580295
492604590
492627720
492649392
492673613
492698805
492722767
492748982
492776573
492803519
492835587
492870080
492910387
493108331
493162039
493209714
493256045
493296081
493338134
493379616
493418576
493460451
493502369
493541016
493583547
493630326
493670650
493717397
493772185
493817557
493877810
493957805
494069101
494199252
494369375
494523860
494663230
494790589
495050452
502439259
502516601
502565147
502612403
502650546
502675260
502698163
502721408
502739372
502757894
502779479
502800685
502828540
502918777
502968974
503009694
503050818
503146902
503402212
503744683
503801213
504700798
504811833
504867847
504937197
504992999
505044207
505095138
505135886
505176538
505221312
505270863
505334682
505395705
505437663
505471746
505534470
505583285
505645544
505719341
505806382
506051468
506134277
506166167
506192591
506217224
506249074
506333075
506431219
506530402
506620907
506712005
506777409
506839924
506899234
506941632
506982466
507022309
507056257
507092122
507128859
507168390
507213078
507283116
507378979
507464140
507534569
507598712
507656845
507745876
507825392
507940318
508137290
508664719
508766117
508829472
508874561
508915584
508956493
508990984
509026414
509071172
509113362
509156946
509201966
509242805
509288078
509337899
509389064
509459598
509579401
509709342
509825100
509931907
510242144
510429047
510487298
510520776
510552310
510583327
510605607
510631732
510658953
510681109
510705897
510735275
510760555
510788176
510822642
510854418
510887196
510928793
510962913
510997677
511035792
511067451
511099610
511133332
511164032
511197512
511230147
511263404
511307722
511492265
511551129
511701867
512122849
512405617
512483771
512547001
512637070
512787959
513130876
513424760
515850982
516083609
517684135
520746650
521255754
521413742
521747323
521916372
522005850
522106103
522334661
522649266
523496908
523573724
523622712
523646470
523665556
523681210
523693687
523707202
523719031
523729089
523739910
523749699
523758323
523767304
523775363
523782657
523790070
523797137
523803468
523810260
523816357
523822139
523828676
523834173
523839455
523845619
523850579
523855667
523861384
523866353
523870964
523876558
523881451
523885795
523891027
523895848
523899832
523904929
523909513
523913567
523918329
523922743
523926759
523931089
523935411
523939358
523943481
523947569
523951317
523955430
523959303
523962945
523966897
523970582
523974168
523978152
523981592
523985045
523988920
523992347
523995631
523999256
524002750
524005911
524009541
524013023
524015977
524019645
524022907
524025899
524029328
524032500
524035544
524038981
524042099
524045159
524048347
524051582
524054466
524057653
524060770
524063610
524066946
524070042
524072835
524076140
524079107
524082096
524085305
524088261
524091144
524094352
524097441
524100341
524103519
524106597
524109338
524112608
524115652
524118414
524121613
524124669
524127535
524130734
524133751
524136633
524139729
524142796
524145658
524148852
524151807
524154693
524158048
524160942
524163785
524167179
524169969
524172879
524176210
524179155
524181929
524185347
524188378
524191103
524194433
524197542
524200145
524203517
524206599
524209363
524212661
524215777
524218663
524221822
524225030
524228013
524231188
524234401
524237402
524240750
524243960
524247023
524250399
524253598
524256754
524260311
524263425
524266588
524270192
524273429
524276582
524280127
524283618
524286849
524290669
524294457
524297789
524302089
524306088
524309935
524314589
524319105
524323638
524329068
524334351
524340260
524349281
524409041
524435777
524452276
524465197
524477402
524487305
524497187
524507692
524516659
524526296
524537102
524545648
524555555
524565857
524574643
524584296
524594368
524603373
524612720
524623325
524632587
524641697
524652231
524661527
524670968
524681144
524690381
524700087
524710425
524719661
524729552
524739526
524748886
524759004
524769176
524778468
524788575
524799510
524808632
524818836
524830186
524838936
524849471
524860996
524870532
524881225
524893556
524903718
524914584
524927222
524938563
524949629
524963554
524975622
524988207
525003373
525017171
525032347
525050390
525069203
525094222
525137422
525202146
525255312
525291083
525319347
525347624
525372064
525394479
525419102
525439635
525459269
525482068
525500637
525519957
525541918
525561291
525579563
525602120
525622223
525640342
525662503
525683330
525700856
525723630
525744534
525763466
525786282
525808005
525828320
525850890
525874232
525896263
525920100
525944771
525968358
525995386
526022301
526049090
526080035
526111166
526144044
526184290
526224434
526274685
526385648
526439625
526578517
526655232
526720850
526789914
526846970
526901295
526956429
527004812
527054193
527105306
527150832
527199609
527248778
527295515
527346626
527398801
527447851
527503084
527566115
527622708
527692308
527782820
527873112
