41490025
57536343
57576789
57599293
57622281
57644480
57661463
57679253
57698546
57713892
57729955
57748320
57764667
57780604
57800592
57817801
57835527
57856496
57875029
57894449
57915711
57935309
57956555
57978003
57998582
58020374
58043461
58065269
58090333
58118026
58143188
58171294
58201718
58229871
58267063
58326457
59275012
59447105
59732818
60303101
60619522
60987863
61146079
61201630
61680066
62120678
62247662
62387954
62817477
63308140
63391995
63941527
63985588
64132403
64264228
64361727
64492952
64548161
64595186
64661013
64788006
64902414
64980822
65132075
65282070
65539086
65649174
66211334
66654800
66851511
66940179
67019882
67090337
67158079
67236278
67299912
67355554
67407698
67447164
67487790
67531321
67566810
67610733
67662805
67720715
67807242
67881116
67928708
67970045
68011608
68044868
68075961
68111877
68142728
68175571
68213974
68250591
68291817
68339497
68389144
68443544
68498231
68548275
68591134
68629463
68657274
68687559
68724067
68757969
68795942
68843839
68880983
68925548
68973239
69010549
69051770
69096638
69134572
69174147
69219925
69260357
69296266
69341898
69379673
69416047
69460236
69496204
69533264
69575841
69635798
69735775
69820608
69898360
69967088
70025226
70073305
70121934
70170282
70211852
70256736
70300823
70337330
70376753
70415430
70450889
70488027
70525283
70559851
70599492
70650097
70723129
71233877
71655917
72040897
72120702
72199181
72276277
72371879
72666944
72723967
72763106
72802749
72836438
72866044
72898992
72930662
72963463
73001740
73045340
73113014
73280927
73880745
75070422
75518313
76301215
76688799
76870710
77442095
77923840
78809094
79093420
79624209
80020991
81941524
82323227
82392467
82571697
82750183
83250499
83384681
83505900
83774952
84284874
84484978
84938671
85310944
87875584
88517243
89085054
89208162
89410892
94501671
94536383
94554338
94572394
94587740
94600820
94615139
94628157
94639739
94651952
94662831
94672624
94682498
94691629
94699590
94707864
94715055
94721687
94729013
94735072
94740832
94747494
94752833
94758289
94764415
94769737
94774678
94780678
94785936
94790613
94796262
94801484
94805815
94811374
94816402
94820870
94826143
94831056
94835548
94840409
94845284
94849751
94854430
94859080
94863350
94868037
94872450
94876596
94881086
94885263
94889315
94893798
94897655
94901509
94905814
94909602
94913218
94917193
94921005
94924443
94928378
94932139
94935324
94939275
94942788
94946005
94949690
94953097
94956361
94960040
94963376
94966650
94970058
94973514
94976594
94979994
94983320
94986350
94989909
94993211
94996189
94999711
95002875
95006061
95009482
95012635
95015710
95019132
95022428
95025527
95028921
95032212
95035147
95038653
95041922
95044891
95048328
95051612
95054692
95058128
95061373
95064470
95067797
95071092
95074165
95077586
95080753
95083843
95087430
95090521
95093552
95097165
95100130
95103223
95106761
95109885
95112826
95116444
95119650
95122529
95126038
95129315
95132058
95135618
95138873
95141795
95145282
95148571
95151611
95154940
95158320
95161460
95164792
95168150
95171282
95174774
95178121
95181322
95184857
95188220
95191560
95195365
95198751
95202253
95206342
95210143
95213968
95218455
95223057
95227477
95232846
95238259
95243036
95249229
95254943
95260377
95266821
95272997
95279121
95286252
95292935
95299713
95307010
95314674
95321739
95329821
95337994
95345715
95355179
95364448
95373382
95385047
95397522
95415912
95455755
95481388
95501485
95521816
95538097
95555464
95573668
95588667
95604722
95620984
95635505
95651697
95667614
95682604
95697691
95714278
95728812
95743846
95760093
95774032
95789019
95805878
95819226
95834786
95851008
95864809
95879921
95895640
95909627
95924083
95940409
95954642
95968686
95984979
95999380
96013990
96029639
96043762
96058533
96074177
96088080
96102917
96117759
96131653
96146537
96161167
96174299
96188374
96203691
96216564
96231156
96247699
96260623
96276413
96294103
96309377
96327918
96355465
96391770
96477318
96516773
96554905
96583682
96605820
96629855
96650789
96667726
96689246
96708612
96726016
96746938
96766764
96785456
96806754
96829578
96852486
96880600
96923386
96980269
97026669
97059319
97086674
97114493
97141129
97164919
97190491
97217982
97241206
97267869
97299017
97325151
97362029
97531821
97575115
97606954
97645946
97680611
97711611
97749258
97785950
97822158
97866880
97927624
98088886
98162017
98220068
98269263
98321293
98378068
98428698
98494915
98819046
98922133
99014639
99157176
111946481
112033451
112077014
112121904
112161808
112191963
112227271
112266895
112306244
112372837
112555690
112675121
112763822
112837526
112890982
112941030
113000389
113057026
113121797
113189867
113551716
114311894
115072201
115252751
116098034
116203182
116270101
116326880
116382897
116430682
116480093
116529415
116570334
116612472
116652949
116684916
116723135
116766220
116815637
116874738
116941239
116984781
117024916
117064899
117106105
117149242
117200952
117248152
117304429
117393051
117457485
117506965
117551074
117589374
117633772
117686792
117792637
117989464
118076498
118131064
118178927
118227274
118266260
118306423
118350869
118384365
118424494
118466761
118501852
118544646
118591330
118633441
118678556
118725570
118765234
118804775
118849125
118885861
118919653
118952044
118979588
119007982
119036972
119062646
119091513
119122910
119154309
119188143
119225582
119259482
119296766
119338035
119373358
119414487
119463136
119503134
119557636
119625713
119685988
119765601
119892571
120207181
120349118
120401162
120439616
120475563
120503374
120528105
120557076
120580898
120604603
120631601
120655356
120680637
120708688
120734713
120763552
120793211
120820968
120853125
120888810
120923206
120967352
121033550
121213966
121777978
121897471
122004355
122073713
122130559
122211667
122312702
122381931
122436319
122771854
122892715
122977133
123066976
123703574
123833143
124198468
124867654
125484200
126683373
126705280
126721331
126738378
126753411
126766316
126780248
126792962
126804175
126815769
126826135
126835392
126844564
126853112
126860557
126868288
126875082
126881407
126888447
126894326
126899947
126906482
126911743
126917139
126923209
126928495
126933413
126939390
126944631
126949295
126954931
126960139
126964460
126970006
126975018
126979468
126984719
126989607
126994072
126998901
127003738
127008167
127012801
127017404
127021626
127026257
127030612
127034700
127039125
127043240
127047226
127051637
127055431
127059221
127063458
127067189
127070750
127074669
127078433
127081828
127085722
127089450
127092612
127096545
127100051
127103278
127106987
127110434
127113753
127117520
127120961
127124358
127127916
127131543
127134789
127138385
127141912
127145135
127148933
127152465
127155657
127159435
127162832
127166254
127169933
127173328
127176642
127180337
127183895
127187239
127190905
127194460
127197632
127201423
127204957
127208168
127211889
127215445
127218784
127222512
127226033
127229400
127233018
127236604
127239953
127243687
127247148
127250526
127254456
127257848
127261182
127265160
127268430
127271842
127275748
127279206
127282464
127286477
127290042
127293250
127297170
127300838
127303910
127307897
127311542
127314813
127318714
127322388
127325785
127329503
127333276
127336776
127340488
127344226
127347705
127351578
127355278
127358808
127362690
127366362
127369978
127374051
127377612
127381229
127385342
127389024
127392594
127396580
127400468
127404024
127408161
127412174
127415624
127419976
127423925
127427623
127431952
127436051
127440080
127444709
127449002
127453313
127457937
127462792
127467295
127472476
127477827
127483096
127490130
127498323
127510384
127564895
127593408
127618659
127642448
127661035
127680166
127698293
127713516
127729804
127745502
127760198
127774920
127790850
127804510
127818407
127833320
127846135
127859921
127875358
127887496
127901641
127916558
127929412
127943603
127958359
127971393
127984763
127999852
128013036
128026044
128041063
128054241
128067532
128081778
128094669
128108208
128122600
128135440
128149182
128163049
128176107
128190223
128204384
128217245
128231138
128246107
128258600
128272595
128288174
128300141
128314443
128329957
128342692
128356893
128373168
128386485
128400611
128416871
128431327
128445347
128462920
128478075
128493802
128512550
128529158
128546532
128565558
128583154
128602363
128621984
128641101
128661776
128684520
128706697
128732058
128760510
128788193
128822873
128867884
128923517
129093675
129162167
129221294
129269503
129309825
129353558
129394282
129430995
129469808
129505613
129538668
129572606
129605712
129635818
129668423
129698220
129726853
129759782
129788118
129815844
129848833
129876061
129904599
129937546
129967068
129995318
130030899
130066213
130797857
130881155
130932583
130967871
131001935
131041090
131077733
131114460
131162133
131205716
131254313
131318967
131387626
131488237
131617360
131845695
132146745
132423230
132616877
133136311
133976556
134315807
134574474
134645115
134927146
137468300
137757633
137924792
137985522
138032067
138066024
138098667
138130748
138157111
138183089
138207431
138227082
138247546
138268017
138284719
138302785
138320994
138338150
138357305
138378928
138402771
138649182
138735386
138804829
138887286
139000795
139053011
139102070
139143600
139178545
139213821
139250270
139283633
139320092
139356851
139392116
139427814
139465458
139496436
139527847
139561860
139591580
139624824
139658661
139684814
139715733
139746348
139772392
139801538
139834073
139862998
139894160
139933009
139965641
139996707
140038148
140630136
140715122
140779447
140821425
140860619
140896788
140927010
140957659
140987550
141013752
141041072
141067957
141091958
141118884
141147932
141171096
141195854
141221566
141241311
141263177
141285686
141303988
141324185
141347151
141365761
141385654
141409020
141430781
141452356
141478595
141502196
141530469
141783463
141875779
142026531
142208231
142254192
142296485
142333223
142366598
142397568
142427922
142452910
142478136
142502933
142524260
142546686
142569483
142588513
142609539
142630603
142649914
142670901
142692995
142713626
142735867
142761846
142788899
142820630
142867337
142930926
143020718
143119180
143191199
143433328
143497330
143815132
143868115
143902168
143936166
143964059
143990667
144017357
144041016
144064745
144091503
144116866
144141524
144172188
144208330
144251977
144489573
144606001
144775132
144919796
145039319
145173911
145343915
145630223
145774490
145936725
146507595
148307435
148366678
148396634
148419858
148437539
148455019
148468934
148480235
148492191
148502796
148512164
148522112
148531067
148539287
148547791
148555899
148563201
148571049
148578090
148584752
148592253
148598535
148604542
148611511
148617086
148622768
148629111
148634588
148639643
148645738
148651042
148655734
148661367
148666543
148670815
148676273
148681185
148685531
148690638
148695379
148699700
148704364
148709028
148713296
148717759
148722190
148726259
148730726
148734937
148738899
148743200
148747214
148751117
148755454
148759198
148762955
148767170
148770896
148774466
148778404
148782198
148785628
148789566
148793341
148796545
148800527
148804069
148807313
148811025
148814455
148817741
148821449
148824815
148828121
148831572
148835074
148838197
148841652
148845032
148848116
148851745
148855115
148858158
148861758
148864992
148868250
148871750
148874976
148878126
148881635
148885015
148888190
148891669
148895040
148898047
148901636
148904981
148908017
148911529
148914887
148918036
148921549
148924865
148928033
148931436
148934807
148937952
148941459
148944705
148947873
148951556
148954733
148957855
148961579
148964637
148967829
148971480
148974709
148977750
148981495
148984820
148987805
148991448
148994854
148997704
149001407
149004799
149007845
149011484
149014921
149018119
149021649
149025255
149028641
149032280
149036012
149039571
149043686
149047857
149052123
149057210
149062504
149068270
149075609
149082914
149091304
149101776
149111752
149121877
149133609
149145415
149156492
149169777
149183117
149194966
149210209
149224130
149237191
149252681
149267682
149282873
149301228
149319612
149342600
149453238
149483694
149508066
149530920
149549006
149566259
149583538
149597343
149611120
149625382
149636217
149648591
149661370
149672274
149684203
149696539
149707477
149718752
149731561
149742793
149753894
149766760
149778126
149789652
149802029
149813243
149825023
149837573
149848818
149860883
149873058
149884493
149896837
149909240
149920551
149932826
149946095
149957161
149969542
149983338
149993978
150006757
150020676
150032110
150044861
150059487
150071519
150084371
150099251
150112498
150125304
150141276
150155068
150169533
150187198
150203317
150220910
150241627
150262847
150290304
150334285
150398047
150445035
150477817
150504473
150531706
150555956
150578959
150604980
150627223
150648978
150674790
150696083
150718393
150743962
150766665
150788100
150814548
150838173
150859583
150885950
150910905
150932061
150959905
150985864
151009637
151038648
151066742
151093426
151123505
151155130
151185653
151219581
151255973
151292400
151336882
151385105
151439004
151515329
151670234
151731261
151958712
152097266
152202962
152301905
152395831
152474862
152555304
152632627
152703632
152779049
152853902
152923068
152999779
153085929
153163064
153258591
153387006
153534044
