663385584
663432215
663457777
663480308
663502234
663518463
663534722
663553059
663569646
663586511
663610349
663639434
663866431
663910094
664304110
664592822
665008131
665100022
665566591
666124899
666277225
666353900
666393395
666420868
666442504
666463260
666484986
666505912
666531351
666564209
666596773
666634421
666810804
666847428
666882909
666919104
666953426
666988652
667026458
667069011
667142669
667378524
667573259
667684136
667740739
667773674
667803077
667825521
667848528
667872240
667892120
667913845
667937576
667960771
667988437
668017131
668044629
668072988
668103766
668129713
668155929
668182915
668205678
668232786
668279488
668332130
668411322
668467974
668527441
668603877
668697354
669469532
669839260
669995759
670104507
670197139
670290379
670366274
670433046
670491306
670537492
670581967
670628360
670671941
670727552
670803728
670907537
671032881
671127450
671193033
671250814
671303884
671343036
671382754
671423577
671452160
671484456
671519503
671547230
671576573
671610839
671638927
671669433
671708600
671745974
671784189
671836980
671915365
671980502
672261260
672475092
673139900
673218310
673268550
673309784
673341677
673372698
673400136
673424394
673447807
673470719
673490688
673511087
673531409
673548889
673568110
673588741
673606760
673627943
673652148
673682263
673734203
673997738
674185127
674355049
674480573
675925627
676472483
679056679
686085036
686530623
686835283
687427727
687494782
687553636
687608638
687658590
687713916
687778998
687849153
687961948
688092360
688174849
688236615
688296518
688356371
688562099
688698226
689225858
689614438
689870991
689974215
690482158
690787708
691013169
691579977
692601762
696197758
696272362
696299319
696322895
696341095
696357752
696374235
696388238
696400873
696413912
696425544
696435736
696446208
696455764
696463863
696473119
696481405
696488692
696496900
696504529
696511532
696519182
696526268
696532920
696539951
696546792
696553074
696559941
696566200
696572201
696579051
696584854
696590461
696597031
696602333
696607773
696613892
696619210
696624139
696630108
696635322
696639944
696645509
696650635
696654875
696660304
696665202
696669547
696674668
696679433
696683790
696688506
696693240
696697587
696702146
696706690
696710876
696715489
696719849
696723963
696728442
696732632
696736718
696741267
696745204
696749161
696753609
696757548
696761327
696765502
696769529
696773176
696777371
696781395
696784807
696789044
696792812
696796268
696800235
696803914
696807453
696811470
696815133
696818747
696822533
696826388
696829838
696833661
696837409
696840835
696844868
696848614
696851999
696856006
696859609
696863242
696867146
696870748
696874263
696878181
696881956
696885502
696889391
696893163
696896529
696900550
696904300
696907707
696911655
696915429
696918971
696922927
696926665
696930238
696934082
696937891
696941447
696945413
696949090
696952679
696956854
696960459
696964003
696968231
696971707
696975335
696979491
696983171
696986640
696990915
696994714
696998137
697002318
697006233
697009515
697013771
697017664
697021161
697025334
697029270
697032908
697036893
697040939
697044695
697048679
697052696
697056435
697060605
697064598
697068423
697072662
697076707
697080731
697085346
697089469
697093754
697098772
697103474
697108254
697113894
697119908
697126002
697134029
697142749
697150828
697161472
697171381
697180709
697191636
697202034
697212305
697224375
697235804
697247339
697259608
697272257
697283725
697296652
697309609
697321697
697336274
697350095
697362795
697378165
697392334
697406922
697422962
697438027
697452873
697469644
697486152
697502094
697520053
697537870
697554085
697573896
697592900
697610572
697631548
697652242
697672422
697695865
697718867
697741800
697767947
697795596
697823309
697857222
697892462
697932401
697991259
698078990
698200079
698317244
698400876
698458981
698511537
698562872
698606237
698650396
698692577
698730971
698769930
698809709
698845108
698882117
698919853
698952510
698988148
699025575
699057170
699092458
699128312
699161454
699196857
699233234
699266548
699300981
699338176
699373000
699406530
699442214
699471045
699501301
699532087
699556914
699582904
699608415
699630572
699654658
699677849
699699442
699721010
699744430
699764723
699785532
699807897
699827000
699847459
699870294
699888248
699909040
699930642
699948991
699969042
699989804
700008207
700027197
700048663
700067379
700085816
700107159
700125963
700145009
700165417
700183809
700203054
700223484
700241752
700261354
700281145
700299721
700319775
700339903
700358254
700378229
700399950
700418192
700438718
700461699
700479476
700500963
700524344
700543231
700563816
700587208
700606615
700627614
700653210
700697471
700812972
701255309
701744745
702128418
702221007
703159453
703270644
703974533
704587368
705436635
705696105
705790875
706425380
706518706
706612371
706697333
706972758
707089343
707148229
707190838
707225883
707260354
707294083
707351510
707499314
707549308
707590983
707642528
707690706
707769423
709098186
709727504
709878599
710005757
710166275
710241168
710711036
710775431
710818316
710855343
710891200
710919124
710945305
710969837
710989265
711011091
711035564
711062479
711102244
711244884
711283934
711316884
711351881
711388744
711431180
711480861
711529111
711632039
711787775
711899752
712104872
712156822
712192743
712225520
712254857
712282337
712309970
712338145
712361930
712385407
712410075
712431150
712453323
712478499
712501284
712536230
712579020
712620559
712670065
712714126
712750868
712791836
712837582
712888497
713039886
713128556
713169728
713205037
713244352
713276723
713310134
713345771
713375926
713408271
713439840
713469083
713501493
713534742
713565439
713599211
713635804
713664416
713694469
713725857
713748875
713779912
713855459
713912189
713980525
714022376
714058308
714102018
714179237
714282471
714307241
714390066
714434483
714479881
714516037
714550730
714584659
714611262
714636292
714661989
714684741
714708840
714733083
714756191
714781097
714808512
714833902
714860425
714889026
714914985
714944316
714978219
715017055
715266145
715462172
715521370
715947997
716091501
716434030
718038161
718157619
718264584
718684142
719289651
719337738
719381309
719433967
719487366
719576092
719660944
721468420
727881146
729880625
730402644
732547690
732610709
732637823
732658174
732675902
732693917
732709840
732723566
732737374
732749699
732759870
732771121
732780912
732789300
732798541
732807007
732814680
732822994
732830630
732837758
732845268
732852555
732859235
732866551
732873217
732879620
732886938
732893144
732899146
732906182
732911861
732917689
732924239
732929926
732935192
732941562
732947112
732952022
732957914
732963324
732967784
732973478
732978596
732983127
732988450
732993392
732997903
733002776
733007660
733012138
733016830
733021504
733025806
733030544
733035024
733039250
733043849
733048152
733052350
733057025
733061070
733065138
733069710
733073760
733077647
733081941
733086084
733089835
733094150
733098297
733101826
733106229
733110162
733113781
733117946
733121817
733125548
733129787
733133656
733137473
733141471
733145541
733149182
733153218
733157178
733160798
733165058
733169020
733172597
733176835
733180646
733184488
733188617
733192426
733196145
733200291
733204285
733208039
733212155
733216149
733219713
733223970
733227941
733231549
733235731
733239728
733243483
733247678
733251642
733255433
733259511
733263554
733267331
733271544
733275454
733279272
733283716
733287554
733291328
733295836
733299544
733303417
733307856
733311784
733315482
733320032
733324074
733327709
733332144
733336288
733339759
733344262
733348384
733352084
733356497
733360652
733364492
733368693
733372959
733376917
733381123
733385375
733389349
733393790
733398048
733402123
733406617
733410872
733415063
733419785
733423917
733428120
733432913
733437214
733441395
733446089
733450726
733455026
733460076
733465018
733469316
733474786
733479774
733484477
733490132
733495597
733501060
733507407
733513347
733519523
733526727
733536126
733548621
733571085
733615699
733745909
733800423
733824702
733840592
733856398
733871241
733885030
733898797
733913741
733926674
733939943
733954320
733966762
733980207
733995306
734007233
734021106
734035629
734048082
734061768
734075992
734088609
734101605
734116318
734129200
734141946
734156730
734169753
734182922
734197039
734209808
734223224
734237515
734250293
734263987
734277805
734290799
734304856
734319004
734331902
734345892
734361029
734373700
734387951
734403911
734416249
734431079
734447280
734460658
734475682
734493066
734507442
734522845
734540792
734556923
734572721
734592672
734610022
734628222
734650359
734670620
734692767
734718751
734745183
734892023
734963116
735024346
735064162
735097415
735135413
735172961
735223924
735456282
736066922
736327218
737220043
738227442
738796757
738860421
738899522
738932325
738958443
738985830
739014734
739042441
739072733
739111086
739165821
739751399
739835783
739873984
739906232
739936410
739961006
739988922
740018080
740049487
740090832
740135350
740174462
740224404
740278087
740332267
740391707
740461099
740516835
740725762
740913722
741013123
741080761
741172630
741220580
741261332
741295120
741322889
741350493
741383627
741412385
741441270
741471736
741497370
741523198
741550535
741571524
741595104
741619090
741639439
741661274
741683406
741702655
741722342
741744818
741764952
741785562
741810529
741833966
741861211
741893637
741928194
742018501
742110826
742157537
742208455
742268039
742340551
742525819
742703169
742757009
742797528
742830617
742853486
742877706
742902204
742919678
742939762
742960917
742977723
742996251
743017341
743034328
743052160
743072568
743090751
743108739
743131565
743150949
743170726
743194411
743215604
743237486
743261060
743282560
743305861
743328982
743351201
743375191
743401740
743429712
743480070
743563503
743647240
743729328
744246937
744330113
744394064
744444938
744485307
744522974
744556510
744583266
744610457
744638743
744664222
744689921
744720112
744748221
744783635
744829770
744883721
744958842
745035122
745137649
745576288
745624611
745666626
745701955
745731492
745765357
745797748
745828620
745868302
745910987
745968209
747293110
747603148
750945597
751132291
751534302
753024405
755186765
755381768
755442160
755474030
755495935
755515796
755532596
755547021
755561715
755574996
755586116
755598594
755609510
755618889
755629196
755638533
755646911
755655869
755664013
755671546
755679415
755686998
755693910
755701434
755708265
755714803
755722254
755728563
755734656
755741795
755747553
755753465
755760113
755765888
755771242
755777725
755783384
755788398
755794426
755799970
755804548
755810396
755815659
755820314
755825787
755830869
755835501
755840508
755845520
755850114
755854924
755859710
755864114
755868957
755873531
755877844
755882533
755886915
755891185
755895936
755900044
755904171
755908808
755912911
755916844
755921190
755925381
755929174
755933531
755937710
755941258
755945663
755949575
755953152
755957239
755961012
755964629
755968723
755972450
755976124
755979973
755983892
755987399
755991284
755995093
755998574
756002671
756006480
756009919
756013991
756017652
756021341
756025307
756028966
756032539
756036519
756040352
756043956
756047907
756051738
756055157
756059243
756063055
756066517
756070531
756074366
756077968
756081991
756085790
756089419
756093325
756097195
756100806
756104834
756108565
756112212
756116450
756120111
756123706
756127995
756131521
756135203
756139421
756143154
756146671
756151002
756154849
756158311
756162541
756166497
756169814
756174115
756178047
756181576
756185785
756189751
756193416
756197427
756201497
756205272
756209274
756213306
756217058
756221238
756225234
756229046
756233242
756237212
756241128
756245539
756249398
756253318
756257776
756261765
756265637
756269964
756274194
756278077
756282610
756287035
756290856
756295704
756300135
756304345
756309349
756314106
756318754
756324122
756329202
756334454
756340138
756346073
756351578
756357962
756364618
756371260
756380808
756393914
756411759
756447081
756632097
756670396
756688936
756704146
756718097
756728916
756740115
756751080
756760567
756770839
756780708
756789867
756798959
756808793
756817269
756825911
756835154
756843048
756851508
756860995
756868500
756877252
756886413
756894246
756902839
756911768
756919700
756927895
756937166
756945262
756953255
756962532
756970734
756979068
756988029
756996132
757004626
757013651
757021719
757030375
757039123
757047340
757056203
757065091
757073173
757081927
757091379
757099255
757108068
757117877
757125427
757134475
757144316
757152386
757161363
757171613
757179979
757188820
757198954
757207907
757216507
757227148
757236213
757245501
757256400
757265919
757275768
757286478
757296348
757307103
757318060
757328656
757339972
757352100
757363478
757375957
757389385
757401843
757416428
757433250
757449513
757471890
757511048
757597270
757649101
757681176
757705927
757732426
757755756
757775847
757797806
757818308
757836995
757857156
757876119
757893998
757912828
757931573
757948988
757968249
757986154
758003628
758023952
758041550
758058864
758079519
758096520
758114341
758135992
758157631
758182008
758230425
758657459
759120180
759376793
759467301
759892415
760034893
760169173
760370441
